178
96
180
97
181
97
183
97
185
97
187
97
188
97
190
97
192
97
193
97
195
97
197
97
199
97
201
97
203
97
205
97
208
97
211
97
214
97
216
97
219
97
222
97
226
97
230
97
234
97
236
97
239
97
241
97
243
97
246
97
248
97
250
97
252
97
254
97
255
97
258
97
260
97
262
97
264
97
266
97
268
97
269
97
269
97
270
97
271
97
272
97
272
97
273
96
275
96
277
95
278
95
280
94
282
94
283
94
285
93
285
93
286
93
287
93
288
93
289
93
290
93
290
93
291
93
291
93
293
93
295
93
297
93
299
93
300
93
303
93
305
93
307
93
310
93
312
93
313
93
315
93
317
93
320
93
322
93
324
93
327
93
330
93
333
93
336
93
339
93
341
93
343
93
345
93
347
93
348
93
349
93
351
93
352
93
353
93
354
93
356
93
357
93
357
93
358
93
359
93
359
93
360
93
259
100
259
104
259
108
259
111
259
115
259
118
259
121
259
123
259
126
259
129
259
133
259
138
259
144
259
149
259
153
259
156
259
159
259
162
259
166
259
169
259
172
259
175
259
178
259
179
259
181
259
183
259
184
259
185
259
186
259
186
259
187
259
187
259
188
259
189
259
191
258
194
258
196
257
198
257
200
256
201
256
203
256
205
256
208
255
210
255
213
255
215
254
217
254
220
254
221
254
223
254
225
254
227
254
228
254
229
254
231
254
232
254
234
254
236
254
238
254
241
254
243
254
246
254
247
254
249
254
251
254
252
254
254
254
255
254
257
254
258
254
259
254
259
254
260
254
262
254
262
254
263
254
263
254
264
254
264
254
264
254
265
254
266
254
266
254
267
254
267
254
267
254
268
254
268
254
269
254
269
254
270
254
271
254
271
254
271
254
272
